my.point.lon=112.938815
my.point.lat=28.227878